time,x,y,z,phi,theta,psi,x_velocity,y_velocity,z_velocity,phi_velocity,theta_velocity,psi_velocity,rotor_speed1,rotor_speed2,rotor_speed3,rotor_speed4
0.06,-1.76430343416e-07,6.92916940807e-07,10.0031053244,0.000548285920078,0.000181525667076,0.0,-1.58009560123e-05,5.57270388169e-05,0.103506293246,0.0230045633022,0.00847772509552,0.0,437.89635421084006,438.6008318378254,436.8153960460309,438.7291663441489
0.12000000000000001,-6.52195172491e-06,1.99698563636e-05,10.0115526926,0.00161139049064,0.000460971536593,0.0,-0.000235776016847,0.000709748692284,0.17806320256,0.00420011949238,-0.00435618125646,0.0,429.14943417755654,428.0588209150459,429.7326464744606,428.13594372772786
0.18,-2.91157266424e-05,9.59986805067e-05,10.0243492196,0.00129122580224,0.00048527294536,0.0,-0.000507124459472,0.00183922836372,0.248474406519,-0.0428756317659,0.00854173767137,0.0,427.3924528539075,428.49014542361283,428.96657873605454,424.950868400884
0.23999999999999996,-7.39399835838e-05,0.000225874729294,10.0455096466,6.2819446246,0.00139235860603,0.0,-0.0010737022443,0.0021886586511,0.456812606304,-0.040877790799,0.0257909783112,0.0,469.37725365172565,470.7136812362064,470.0987087723348,470.25260411252737
0.3,-0.000177393649543,0.000318576488449,10.0785676104,6.28009730339,0.00276858794358,0.0,-0.00254364820814,0.000660158631782,0.645030996369,-0.01583846508,0.0165128009917,0.0,465.151479856575,464.4244523303927,462.8173836503231,464.7832598662779
0.36000000000000004,-0.00039263721273,0.000288771454129,10.1208532204,6.27900366648,0.00347736026276,0.0,-0.00472237259906,-0.00176008747962,0.764415948161,-0.0234927876458,0.000193852106782,0.0,443.9765223624976,442.63567280261697,443.92272108808595,443.2943320410996
0.4200000000000001,-0.00074452020543,9.56442990165e-05,10.1687826308,6.27770878831,0.00330614864756,0.0,-0.00699993339829,-0.00480870695464,0.833182472252,-0.0180092843924,-0.00977721320037,0.0,427.51090579215196,426.66062686621194,427.66162294591334,428.1283406488847
0.48000000000000015,-0.0012177591581,-0.000286252979062,10.2176507142,6.27712800571,0.00311987061966,0.0,-0.00874530856238,-0.00798612356881,0.79578049563,0.00322263513901,0.00769661489675,0.0,391.45437825029165,393.07688313390537,389.9694705108602,391.9475254432081
0.5400000000000001,-0.00179976439472,-0.000872720920038,10.2655457054,6.2770947939,0.00381857149958,0.0,-0.0107067455881,-0.0115545753746,0.800715579401,-0.00944331123586,0.0185585330194,0.0,405.0997198982499,406.07502715451693,407.5465191513213,406.41301692085983
0.6000000000000002,-0.00253070056683,-0.00170246906081,10.3179437042,6.27636908989,0.00462012732842,0.0,-0.0137644972425,-0.0161725796606,0.945774301498,-0.0180100608356,0.000131219950286,0.0,453.41478797472644,451.9320373372019,450.9640034213492,450.27169976533776
0.6600000000000003,-0.00344834788728,-0.00281162670289,10.3768898486,6.27574960452,0.00462336238616,0.0,-0.0168240125326,-0.0208790591902,1.01903376028,0.00178148737824,-0.000101150855401,0.0,429.2984168800696,429.2787004939938,428.3892330504517,430.06873486132866
0.7200000000000003,-0.00455248517985,-0.00421633263675,10.4408784227,6.27597727935,0.0044211723611,0.0,-0.0199706114218,-0.0259266337765,1.11383090877,0.00754424553033,-0.0108748973994,0.0,436.5481307599402,435.6483799669288,436.2872720106418,436.76802973567675
0.7800000000000004,-0.00584214898631,-0.00592347915078,10.5113142617,6.27637022977,0.00372923050401,0.0,-0.0229471484899,-0.0309329530898,1.23390876809,0.00448075173169,-0.0128808147768,0.0,444.26086922168764,444.0965069982279,444.91232351119515,444.6613553850443
0.8400000000000004,-0.00728977343097,-0.00791218268533,10.5873146374,6.27671197925,0.0033322096617,0.0,-0.0252522883337,-0.0353270383072,1.29936507275,0.00802158415365,0.00363715865821,0.0,427.191411105764,428.59753367008307,426.64119275532397,426.9432777372062
0.9000000000000005,-0.00887591962238,-0.010166289958,10.6686930016,6.27729553491,0.00328529752083,0.0,-0.0276297268931,-0.0397534694894,1.41311341726,0.0129335708111,-0.0115402172174,0.0,443.69356012260903,442.4459061423117,442.5832610489845,442.98719578247494
0.9600000000000005,-0.0106066374463,-0.0126838010553,10.7588783625,6.27827731007,0.00214717923294,0.0,-0.029964311369,-0.0440614261106,1.59283316575,0.0224643446789,-0.0411100686376,0.0,465.3852207022425,463.06510999132394,462.30193536921087,463.0521300203085
1.0200000000000005,-0.0124385543089,-0.015420901014,10.8568356689,6.27965464888,6.28240384639,0.0,-0.0308405452442,-0.0470399358949,1.67229840431,0.0239204716151,-0.0723228269795,0.0,433.5206275054132,430.8883128801269,433.43918502153394,433.5615886815997
1.0800000000000005,-0.0142566013028,-0.0183100685583,10.9599253112,6.28077430128,6.27780951843,0.0,-0.029313067556,-0.0491336356755,1.76388571081,0.00523201363386,-0.0868152237966,0.0,436.6448934633513,435.4294155769186,438.6933853916849,437.13892068862236
1.1400000000000006,-0.0158695238615,-0.021312013528,11.0711018344,6.2813309907,6.27237008214,0.0,-0.0238501975904,-0.0508799899686,1.94170977492,0.0163419685453,-0.0997237868681,0.0,464.2566815674237,463.23619693604206,463.6343524960862,464.5062386471181
1.2000000000000006,-0.0170458634773,-0.0244005325798,11.1913066992,6.28242539983,6.2662654268,0.0,-0.0147269780598,-0.0519607087603,2.0648971353,0.0217890172018,-0.106122959663,0.0,447.47695896201895,446.94683286513003,448.26881012290073,448.71113447295113
1.2600000000000007,-0.0175670416734,-0.0275286930567,11.3175863946,0.000501101421354,6.26015747479,0.0,-0.00203232084973,-0.0521841910866,2.14426913416,0.0194260247919,-0.0943192065369,0.0,435.1564108926056,436.1340420737408,433.47730395889465,433.278701982867
1.3200000000000007,-0.0171564423285,-0.0306435034938,11.4507134818,0.00206831720237,6.25401630026,0.0,0.0163462087264,-0.0514911213058,2.29299830947,0.0369485526421,-0.127671057502,0.0,458.0066434166792,455.33695179663766,455.6891333186344,457.0877468947156
1.3800000000000008,-0.015537134795,-0.0336803824337,11.5915162027,0.00499158940558,6.24658848744,0.0,0.0384004278924,-0.0494670836444,2.40018138394,0.0654777572449,-0.117003964315,0.0,444.20261570455284,445.06250668167894,442.86952514798907,445.2111792571352
1.4400000000000008,-0.0123122126571,-0.0365097165937,11.7421693987,0.00872413065475,6.23983906292,0.0,0.0699025623269,-0.0443868854014,2.62107690757,0.0547082966818,-0.104726810675,0.0,478.83362519913265,479.75633280635094,479.4702965873168,478.65389958089156
1.5000000000000009,-0.00719600416339,-0.0389799700585,11.9024830547,0.0118310393812,6.23373582548,0.0,0.101259569366,-0.0376302643654,2.72244194677,0.0451735843835,-0.0963040285555,0.0,443.5639594542138,444.2460993871701,444.77536525686855,443.99551875458405
1.560000000000001,-6.0223818109e-05,-0.0409786672793,12.0691403314,0.0150936848688,6.2280199421,0.0,0.137180901418,-0.0286831166903,2.83249669111,0.0683161266777,-0.0932646284504,0.0,446.64747624699675,446.8876145988815,447.1776329514426,449.0606788077834
1.620000000000001,0.00946115337063,-0.0423363690879,12.2443674066,0.0189782335568,6.22237303065,0.0,0.180809064472,-0.0161285082708,3.00791277661,0.0564195658561,-0.0958716629967,0.0,467.8487676468089,467.6387106073336,468.7698480832375,467.84731106014556
1.680000000000001,0.0218835048863,-0.0428054148975,12.4325828248,0.0229392008939,6.2162008212,0.0,0.233964576394,0.000944740997629,3.26517346742,0.0804067680792,-0.122972535891,0.0,494.4044020915505,492.39513773191317,491.3753491113117,493.1529989313407
1.740000000000001,0.0372833182048,-0.0422748671625,12.6307272549,0.0276470540893,6.20900906074,0.0,0.280061816773,0.0172017370853,3.33935679808,0.0742675203256,-0.114278508016,0.0,439.910417310074,440.6166186471956,438.96685070357995,438.46207776395306
1.8000000000000012,0.0558165103806,-0.0405914030181,12.8363013163,0.0323350432758,6.20200091569,0.0,0.338452455012,0.0394136168375,3.51250822522,0.0849153753955,-0.122393952699,0.0,470.1714326414973,469.5307814969951,470.82049250258166,471.648048070268
1.8600000000000012,0.0775531704659,-0.0376519164107,13.0466647592,0.03716644407,6.19467954079,0.0,0.386730119795,0.0589932797224,3.49956467767,0.0698555729352,-0.121291698871,0.0,412.9912283596412,413.07373646022734,413.2420339747444,411.9180079428178
1.9200000000000013,0.102779839274,-0.0332606566041,13.2614244478,0.041154049611,6.18772448244,0.0,0.454897559775,0.0878136277107,3.65848593629,0.0586210339895,-0.106903684466,0.0,467.93965604908107,469.0470028221282,467.2816230994234,466.40801276199505
1.9800000000000013,0.132027953056,-0.0271488718189,13.4834238902,0.0449847892719,6.18161509397,0.0,0.520631119512,0.116264818935,3.74112716435,0.0726503329288,-0.0932280518087,0.0,444.45895982405364,445.56935718548925,445.3529006237396,446.50189692229407
2.0400000000000014,0.16536415794,-0.0192397529018,13.7106036159,0.0491202887311,6.17640569034,0.0,0.591080563835,0.147783187812,3.83112731974,0.0601833985716,-0.0763856790423,0.0,447.2383638307463,448.6018173872626,449.7202453071302,448.7127452438582
2.1000000000000014,0.203060649997,-0.00934412718075,13.943456718,0.0527813564366,6.17192888306,0.0,0.665887207697,0.182420530397,3.9302038209,0.0626357374875,-0.0712875416096,0.0,450.8114320373741,451.2189356314531,453.376360191305,453.5759349519598
2.1600000000000015,0.245342633392,0.00270838917381,14.1822993132,0.0563360034817,6.16783313665,0.0,0.743890871934,0.219680888242,4.03075852857,0.0514148643724,-0.0628135553028,0.0,453.3592589953595,454.0362346276378,454.01430573659445,453.1154275760994
2.2200000000000015,0.292608012207,0.0171755099851,14.4290560555,0.059848676301,6.16407007021,0.0,0.831961458535,0.262887800259,4.1937635466,0.0699391900585,-0.0625269839713,0.0,473.024516923538,473.04400240957443,473.36542847618944,474.79096620696924
2.2800000000000016,0.34476270816,0.0340770871181,14.6816115589,0.0641127453651,6.16051661397,0.0,0.906836663092,0.30087396589,4.22452964825,0.0732334491618,-0.0533268813226,0.0,433.8201802988626,434.58949957533326,433.5132086398673,433.7939609810472
2.3400000000000016,0.402065636364,0.0536476469101,14.9407774787,0.0683262341666,6.15744451135,0.0,1.00351679884,0.351920719592,4.41348348816,0.0634061865012,-0.0472595846438,0.0,483.07839665341595,483.5342677797346,483.28266056074574,482.54462897223675
2.4000000000000017,0.465907906142,0.0767406192158,15.2165326171,0.0722880370345,6.15419326345,0.0,1.12477370945,0.418282045327,4.7767292544,0.0708176488342,-0.073990914015,0.0,535.0940903834268,533.2695040637763,531.9862251973178,532.4959369874407
2.4600000000000017,0.536123536269,0.103370084116,15.5064173259,0.0764880535775,6.15048739692,0.0,1.21607962921,0.469759014983,4.88547234243,0.0683141818997,-0.0445459053793,0.0,462.8934074628841,465.20217246060463,464.3932808642664,464.2003469682987
2.520000000000002,0.61180929694,0.133130257936,15.8022327242,0.0808947181225,6.14755158941,0.0,1.30698232958,0.522635227743,4.97450691149,0.0821130311461,-0.0595781758371,0.0,459.7490580252353,458.5548518907853,459.07911356334773,460.17679917640936
2.580000000000002,0.692919450371,0.166101645947,16.1027200533,0.0864366834307,6.14370379902,0.0,1.39698100461,0.57688783795,5.04126581242,0.107492498432,-0.0752836267312,0.0,455.16058502484253,453.8987387076252,451.6675331125859,453.71679751271705
2.640000000000002,0.779777038825,0.202608972462,16.4091063258,0.0924811879145,6.13916290474,0.0,1.49864147023,0.64062532955,5.17079443074,0.0817173919275,-0.0764891074239,0.0,474.18831603782695,474.0915754693506,474.53760186714794,472.56243759072544
2.700000000000002,0.872424075123,0.242804197073,16.7204743603,0.0974241596985,6.13481779716,0.0,1.5899494918,0.699638333176,5.20776383592,0.083680841513,-0.0653207319744,0.0,446.137819077731,447.04484802027355,447.19851799747516,447.3639107464196
2.760000000000002,0.970334732987,0.286442128345,17.0321139333,0.102830448658,6.13097432082,0.0,1.67404568999,0.755390083164,5.18015714573,0.100568278998,-0.0616460554108,0.0,427.3956752520327,427.70562847839363,425.1251652044765,426.5770195485664
2.820000000000002,1.07386423208,0.333863194559,17.3453910682,0.109043314515,6.12687693858,0.0,1.77721909867,0.825858851179,5.26178730441,0.108920772604,-0.086870315343,0.0,462.63633216990854,460.6420487622253,461.85816759660634,462.52540251020554
2.880000000000002,1.1837896182,0.385721657476,17.6643017287,0.115098388322,6.12167174097,0.0,1.88737197981,0.903328601277,5.36775997922,0.0757725704551,-0.0865204278991,0.0,470.64012254746103,470.66144713865555,472.0400138495835,469.4823588070301
2.940000000000002,1.30007805041,0.442096729414,17.9874169439,0.119703694663,6.11612199235,0.0,1.98932650116,0.976211520891,5.40230238405,0.0786500472562,-0.108439420837,0.0,450.3826468794968,448.5986231194917,450.7562348946553,450.9933179579563
3.000000000000002,1.42241164825,0.502803863267,18.3115510148,0.124162585533,6.11005479137,0.0,2.08895588809,1.04772444338,5.40186813953,0.0638163777936,-0.0894853417307,0.0,440.1501004494346,441.70710802584995,439.5173228312867,438.2902876802832
3.0600000000000023,1.55177250116,0.568546990819,18.6409942582,0.12785544233,6.10458654576,0.0,2.22346941848,1.14398332746,5.57834227564,0.0565752922686,-0.0946624995509,0.0,495.0781693027032,494.69097989459624,495.07064975323146,494.5397677447595
3.1200000000000023,1.68873796872,0.63972993503,18.977783361,0.131674804641,6.09861495461,0.0,2.34248207207,1.22904155024,5.64726540357,0.0749869522663,-0.111650448383,0.0,465.6459913708657,464.3066640471912,464.54139684379754,465.9858452926443
3.1800000000000024,1.83251495368,0.715777721236,19.3163290804,0.136243167547,6.09206111974,0.0,2.45059374705,1.3062284113,5.63728079335,0.0783487491069,-0.10478739202,0.0,442.3379925513297,442.8923282461797,440.3892694870033,440.67193548868363
3.2400000000000024,1.98347412433,0.796945562623,19.6572410885,0.141350125858,6.08568179835,0.0,2.58184334539,1.39973537702,5.72556311262,0.0960357919435,-0.109579976613,0.0,473.36343046132754,472.9852439259109,472.6553333540315,474.02209441438526
3.3000000000000025,2.14196687606,0.883497062657,20.0011215812,0.146921451806,6.07903431511,0.0,2.70173843435,1.48574596064,5.73662518635,0.0855906161313,-0.113329109978,0.0,451.09240482528344,450.7788051930385,451.44708581288484,450.61040454079597
3.3600000000000025,2.30774933651,0.975289408621,20.3455480259,0.152029337112,6.07257419439,0.0,2.82482520097,1.57437338506,5.74376899884,0.0841974760664,-0.0982511167509,0.0,450.4477310300544,451.6555434311553,450.59027028916626,450.4834496779373
3.4200000000000026,2.48077564942,1.07230992028,20.6892387143,0.157017712069,6.06725780455,0.0,2.94310939633,1.66001199329,5.71233534037,0.0809365918798,-0.0741637042871,0.0,438.16081779913884,440.15230603264257,439.45851256737694,439.19378638965935
3.4800000000000026,2.66088129534,1.17448006153,21.030604484,0.16153803724,6.0637300688,0.0,3.0606616756,1.74600744299,5.6663904872,0.0607573910687,-0.0386063718413,0.0,434.1622983835482,437.1331591748993,435.0534000399585,433.3645866790187
3.5400000000000027,2.84835990634,1.2820768515,21.370433164,0.164966821339,6.0613109566,0.0,3.1887046975,1.84079027401,5.66091610086,0.0487202871628,-0.0439827998139,0.0,448.7338847448403,448.29630218154057,449.00555280121466,448.02990453732116
3.6000000000000028,3.04368098948,1.39550862347,21.7104935456,0.168328315332,6.05929914216,0.0,3.3220435359,1.94045982398,5.67400599171,0.0676447023236,-0.0181779715376,0.0,454.0648192327518,456.1301846934651,454.528671218615,456.0451052958043
3.660000000000003,3.24653849945,1.51462432326,22.0492523468,0.17231456027,6.05780558718,0.0,3.43989278427,2.03035802751,5.61793986134,0.0639077095995,-0.0437826662683,0.0,434.56918417001737,432.4168330403451,433.3711754334547,433.06027697811635
3.720000000000003,3.45696100517,1.63955229409,22.3867048439,0.176304347518,6.05487598322,0.0,3.57426567739,2.13415156025,5.63000875396,0.0712252997907,-0.0615378009682,0.0,457.2131376639501,455.7945437575578,454.9267786038108,455.515627578341
3.780000000000003,3.67614026104,1.77126815973,22.7276262738,0.18005363376,6.05144623898,0.0,3.73177158488,2.25658729908,5.73297295295,0.0325772815334,-0.0496020729677,0.0,485.30080873903626,486.19408575790123,486.09666372045353,483.19336437496816
3.840000000000003,3.90435055308,1.91003519875,23.0727444266,0.183983223967,6.04878611048,0.0,3.87527227451,2.36913559657,5.77031958902,0.0968662502455,-0.0354695338465,0.0,465.7667708611498,466.8699346980038,465.38111927521857,470.38953935104723
3.900000000000003,4.14089470349,2.05539595667,23.4188320712,0.189643202148,6.04627623706,0.0,4.00954843448,2.476616127,5.76549306835,0.0887170319113,-0.0592708416636,0.0,455.6466153954226,453.7382947441714,455.80932480504356,455.1647227005466
3.960000000000003,4.3852137477,2.20705166058,23.7633489692,0.19515804836,6.04317868255,0.0,4.13456181804,2.57894034855,5.71818514557,0.0976403903159,-0.0395740144843,0.0,441.6229250471635,443.243198795058,441.5045091900661,442.24744616219016
4.020000000000002,4.63754131132,2.36531057951,24.1069295453,0.200767823862,6.04081540226,0.0,4.27633783008,2.69672493985,5.73389170518,0.0835635484259,-0.0390186498118,0.0,464.29627217669014,464.3391477396734,462.5526068941242,461.44937942964026
4.080000000000001,4.89795899437,2.53037200596,24.4497024434,0.205420412684,6.03871928388,0.0,4.40427925084,2.80563368765,5.69164428927,0.0614276509701,-0.0278160735705,0.0,445.202374204486,446.1177394187012,446.44759606623813,444.64192386445325
4.14,5.16623201117,2.70216890661,24.790593343,0.209645937326,6.03690170413,0.0,4.53810702555,2.92114912122,5.6710505561,0.0841213687472,-0.0357735939977,0.0,453.6431241626971,453.0032397791717,452.1390261804333,453.96769284684257
4.199999999999998,5.44366412596,2.88189184154,25.1345912529,0.214864665785,6.03445190451,0.0,4.70943609548,3.06983349483,5.79420809127,0.0921525876009,-0.0535826101138,0.0,499.8927535553995,498.59229375827454,497.9445231578508,498.537165514375
4.259999999999997,5.72964515177,3.06915210375,25.4791853201,0.220267711801,6.03123608873,0.0,4.82342273176,3.17254001782,5.69233475764,0.0854791593095,-0.0536255731928,0.0,430.34208199234047,430.33644847552546,429.18080174904287,428.62093296593986
4.319999999999996,6.021997781,3.26222170762,25.8157946379,0.225448185775,6.02800334396,0.0,4.92188943323,3.2634897716,5.52845337713,0.0880108209299,-0.0543907717854,0.0,407.21760034984084,407.1469122982489,407.4760658080616,407.7092807519497
4.379999999999995,6.321493267,3.46184602634,26.1470992863,0.230598126322,6.02477041807,0.0,5.06133185132,3.39092124951,5.51450295234,0.0810779305125,-0.0528840548083,0.0,458.9330276058558,459.0508169835758,457.3377416231432,456.7908842355658
4.439999999999993,6.62886255257,3.66873465374,26.4756258419,0.235411935012,6.02168821004,0.0,5.18440892448,3.50564186361,5.43627717667,0.0784793795835,-0.0485032833035,0.0,437.4679148670788,437.8309059191146,437.9420426525182,437.73106710589497
4.499999999999992,6.94536830399,3.88407669271,26.8057228588,0.24142540222,6.01848727501,0.0,5.3655907324,3.67259098659,5.56542289237,0.125369352774,-0.0654209775283,0.0,503.976760659315,502.75060503753525,502.88584288968724,506.2782223868317
4.559999999999991,7.27138012888,4.10830757076,27.138489385,0.249194699155,6.01457712659,0.0,5.50155795902,3.80221685792,5.52625723642,0.136656526798,-0.0646704030225,0.0,455.10777743665307,455.1648481000565,453.5564176759087,454.4771578502998
4.6199999999999894,7.60602596811,4.34082235549,27.4704096862,0.257021305869,6.01124369342,0.0,5.65327850559,3.94871502967,5.53683569923,0.113605533441,-0.041724676211,0.0,470.00969119020135,471.7831165292401,473.9049807168455,472.14352052834863
4.679999999999988,7.94883058578,4.58135672646,27.7995675818,0.264255649178,6.00893360168,0.0,5.77357125504,4.06952560825,5.43503761259,0.131750619465,-0.0327308213139,0.0,436.0753809027862,436.825490288624,435.74115220394606,437.269070334621
4.739999999999987,8.29942971896,4.82976748982,28.1245734689,0.272246404799,6.00719685577,0.0,5.91293060436,4.21127902908,5.39794909158,0.135890696442,-0.0222859249428,0.0,458.7344743848656,459.56314165638224,457.8016567156565,458.1467907917307
4.799999999999986,8.65937063472,5.08774069843,28.4506854592,0.280502694507,6.00646990062,0.0,6.08467005843,4.38821088316,5.47111898874,0.140826385546,0.00292650637818,0.0,492.409812143699,494.2720135328974,496.2070510445819,496.58468802292106
4.859999999999984,9.02847968275,5.35539159772,28.7774109126,0.289157768007,6.00661488588,0.0,6.21865628423,4.53398707026,5.41931351451,0.150339251893,0.00137614213113,0.0,456.88578808372455,456.76207399400727,458.096941206094,458.87164955004204
4.919999999999983,9.40662425248,5.63296221847,29.1045152806,0.29824035567,6.006766792,0.0,6.38560434081,4.71880264846,5.48284691176,0.153371726002,0.004748432434,0.0,494.1758124857014,494.4243477464317,496.7490147883862,496.9903131693483
4.979999999999982,9.79420945307,5.92122881789,29.4336110245,0.307065262271,6.00723580016,0.0,6.53343200392,4.89054649044,5.48611615888,0.129948532962,0.0133387799517,0.0,479.45364796791483,480.105947616981,479.9010136101614,478.13744014824516
5.0399999999999805,10.1897512034,6.2190098282,29.7599855257,0.314893327091,6.00814074747,0.0,6.65099277008,5.03593431618,5.39292645848,0.131485398535,0.0183596072248,0.0,448.6816153145829,449.0890882180487,449.72508213040805,449.8649679565049
